Metodo de Adam-Bashforth por Euler
0.000000 0.0000000000
0.100000 0.1000000000
0.200000 0.2300000000
0.300000 0.4020000000
0.400000 0.6328000000
0.500000 0.9459200000
0.600000 1.4503504000
0.700000 2.2369193169
0.800000 3.3584417444
0.900000 4.9969508350
1.000000 7.4819863967
1.100000 11.1802888334
1.200000 16.6249202050
1.300000 24.7500581304
1.400000 36.9138997900
1.500000 55.0062241323
1.600000 81.9320443028
1.700000 122.1384113543
1.800000 182.1250688865
1.900000 271.5127191822
2.000000 404.8197598488


